157437
121416
173536
122620
120414
330324
110613
310621
865363
709551
133827
164636
668361
207123
121618
675661
146432
238033
204016
146735
580751
102614
136126
171532
698168
123925
124220
214524
168947
155938
108020
274542
707749
361234
389357
208226
287248
211114
140824
349244
748258
744553
119833
101309
553344
412528
387959
189450
191033
124624
757764
120111
325129
150625
158843
786569
181232
248238
203418
134021
213421
209329
725751
107725
837560
616645
541640
904044
135629
164030
133019
122418
167238
531536
137229
622236
748662
111211
147030
550439
841349
192136
432332
146937
139435
144125
195647
129634
169444
149741
169949
304727
112112
130619
114621
336841
120010
103111
150019
547046
