250932
192035
191033
167238
202820
314225
465852
125222
154229
978578
112314
159744
334635
199958
706040
212217
856766
219231
153025
947668
713239
158035
158540
346945
387959
123117
571144
654552
499566
133827
199150
131924
835657
189652
766563
154936
173637
123420
186141
633847
567759
541640
459453
298455
125525
162733
170934
164030
151627
599065
598568
180432
932554
381543
114823
188347
156637
104820
290136
453542
683256
122822
194746
185038
192843
987983
165032
126628
693764
300618
436845
159239
227533
145127
123723
993675
692964
173940
540436
199453
194645
239944
213421
873968
412528
803240
214019
250427
192136
135730
663755
415837
843151
814548
300719
138130
101107
677766
156031
206323
100206
100307
100408
100610
102109
102311
102715
102816
103010
103111
103212
103515
103818
104012
104416
105115
105620
106016
106521
106824
107422
108020
108323
109123
110411
111009
111312
111413
111514
112516
113316
113619
113922
114217
114419
115017
115320
115825
116221
116423
116524
116726
117021
117122
117324
117930
118225
118831
118932
119732
120111
120212
120717
121719
122620
123521
124220
124422
124826
126325
126426
127226
127731
127832
127933
128632
128935
129028
129129
129937
130114
130518
130619
130821
131217
131722
131823
133019
133625
134627
134829
135124
135528
137229
137431
137532
139435
139637
139839
140117
140319
140420
141422
141826
143224
143325
143830
144226
144428
144731
144832
144933
145632
145834
146129
146432
146735
146836
146937
148133
148941
149337
149741
150019
150726
150928
151223
151425
151526
151829
151930
152225
153429
153732
154431
154532
154835
155938
156233
156334
156435
157336
158136
158338
158843
159138
159340
159441
159946
160931
161327
161731
162026
162329
162935
163129
163331
164131
164636
165436
165638
165840
166438
167036
167440
168341
168947
169343
169444
169545
169747
171330
171532
171633
172029
172130
172332
172433
172938
173334
173536
174841
175136
175237
175439
175540
176037
176441
176542
177140
177645
178142
178243
178647
179548
179952
180836
180937
181232
182436
182840
183337
185139
185341
185846
185947
186848
187345
187547
189349
191336
191437
191841
191942
192237
192540
192641
193239
193845
194140
194443
194847
195041
195445
195950
196750
197348
198047
198249
198653
199655
200008
200109
200210
200311
200513
200614
201515
202113
202719
203418
203923
204016
204420
204521
205119
205220
205826
206222
206828
207426
208125
208630
209127
209228
209329
210011
210415
210617
211316
211417
211922
212419
212823
214524
214625
217126
217429
221319
228434
238033
246133
248238
248339
251833
255639
255740
257845
263436
268749
280739
283543
285345
287248
289555
295146
297655
299154
299760
303624
304020
304727
307127
308129
310621
311320
316835
320826
321323
322224
325129
330324
341834
346137
351938
352132
353740
358144
360030
365343
366042
368551
368753
371843
379657
380036
381038
385046
385450
386250
389357
390645
391748
393247
393550
395756
395958
397760
397861
401422
406836
413934
414229
429040
432332
433839
436239
441939
445543
453441
454140
461743
463040
467351
469961
473952
479762
481951
485757
492754
497865
500222
506234
510225
510326
512835
519647
519950
525541
530635
531536
541943
547046
548250
550439
552241
555348
557857
558657
558960
559053
561949
562345
562446
568963
572045
573249
573451
579867
580347
580650
581450
583858
585256
586460
588565
590047
609143
611938
615744
616645
617748
626648
627549
635245
638049
644246
645450
645551
654754
660951
664757
665254
671855
675661
677968
679568
680452
680957
685058
690152
698168
700634
704238
705341
707749
709551
715647
715950
720337
723141
724446
727654
728454
729557
731140
732243
734045
735148
744553
749058
751550
757764
759869
763557
765864
767464
770352
771354
774663
779370
782561
783462
784565
788674
789373
792564
802844
809252
810843
816653
818455
818859
820745
825048
832651
833249
841349
844961
849971
852455
856463
856968
857263
861456
865363
869472
870861
871762
872158
872562
878877
885975
886674
891667
894673
896879
898176
899885
901139
901442
905147
910241
911849
912447
917255
917558
919966
923755
933253
937160
942658
943862
958976
966975
969476
970764
971160
973770
983773
984472
991267
994273
996782
