250932
192035
191033
167238
202820
314225
465852
125222
154229
978578
112314
159744
334635
199958
706040
212217
856766
219231
153025
947668
713239
158035
158540
346945
387959
123117
571144
654552
499566
133827
199150
131924
835657
189652
766563
154936
173637
123420
186141
633847
567759
541640
459453
298455
125525
162733
170934
164030
151627
599065
598568
180432
932554
381543
114823
188347
156637
104820
290136
453542
683256
122822
194746
185038
192843
987983
165032
126628
693764
300618
436845
159239
227533
145127
123723
993675
692964
173940
540436
199453
194645
239944
213421
873968
412528
803240
214019
250427
192136
135730
663755
415837
843151
814548
300719
138130
101107
677766
156031
206323
