12
18
20
21
56
88
105
107
108
114
116
117
119
134
146
147
153
183
187
190
197
225
230
238
242
248
250
257
258
268
273
287
320
321
322
324
326
333
347
348
361
363
398
407
416
417
419
429
460
474
477
478
482
491
492
496
534
535
547
553
570
590
610
627
635
655
658
668
680
747
758
763
766
770
773
774
777
779
781
782
783
785
786
793
794
808
814
815
816
825
844
869
875
885
886
887
952
954
1000
1002
1004
1005
1006
1007
1008
1010
1012
1016
1032
1038
1113
1114
1116
1117
1123
1128
1131
1132
1133
1135
1137
1141
1142
1149
1152
1159
1183
1191
1258
1261
1267
1268
1271
1272
1299
1301
1302
1325
1363
1381
1392
1393
1394
1400
1404
1409
1410
1411
1418
1419
1421
1428
1446
1463
1496
1501
1524
1579
1586
1592
1600
1607
1608
1610
1630
1638
1641
1670
1734
1740
1742
1745
1746
1750
1759
1761
1770
1780
1795
1804
1808
1812
1814
1816
1821
1826
1837
1850
1852
1917
1943
1944
1949
1951
1952
1960
1961
1993
1995
1996
2016
2018
2020
2026
2043
2044
2046
2047
2051
2066
2115
2119
2123
2134
2138
2168
2170
2172
2173
2209
2246
2250
2253
2254
2256
2257
2258
2259
2262
2304
2334
2346
2488
2520
2538
2550
2554
2555
2556
2557
2558
2559
2560
2561
2562
2563
2565
2566
2567
2571
2572
2583
2587
2596
2636
2637
2657
2660
2664
2670
2691
2692
2694
2705
2709
2731
2740
2741
2742
2743
2774
2775
2779
2781
2785
2786
2819
2823
2824
2827
2830
2831
2832
2834
2835
2840
2842
2844
2845
2846
2847
2849
2850
2861
2864
2890
2891
2892
2893
2894
2895
2897
2898
2899
2900
2901
2902
2903
2905
2906
2911
2912
2913
2914
2915
2916
2917
2918
2922
2977
2978
2983
2986
3042
3049
3061
3062
3083
3166
3175
3195
3196
3208
3231
3250
3266
3306
3350
3351
3352
3354
3356
3358
3360
3361
3362
3381
3423
3439
3443
3467
3547
3552
3578
3617
3626
3642
3696
3698
3706
3736
3737
3739
3742
3743
3745
3746
3747
3748
3751
3752
3754
3756
3760
3761
3763
3765
3766
3767
3773
3775
3776
3780
3781
3782
3785
3786
3787
3788
3797
3798
3800
3822
3823
3827
3850
3881
3884
3889
3897
3925
3933
3950
3992
4004
4018
4023
4025
4036
4038
4045
4062
4099
4100
4103
4105
4111
4118
4130
4131
4133
4135
4137
4139
4142
4145
4148
4155
4159
4160
4161
4166
4168
4184
4185
4208
4248
4284
4293
4294
4325
4326
4336
4340
4342
4345
4355
4435
4440
4504
4544
4588
4591
4604
4608
4613
4620
4622
4625
4632
4644
4654
4656
4661
4674
4675
4684
4685
4693
4741
4744
4745
4753
4759
4760
4761
4807
4808
4821
4826
4828
4829
4842
4852
4857
4858
4861
4878
4880
4884
4885
4887
4889
4892
4897
4900
4905
4915
4916
4917
4923
4948
4951
4956
4973
4974
4978
4983
4985
4986
4987
4988
4992
4995
5010
5013
5020
5021
5024
5027
5046
5053
5058
5064
5067
5075
5076
5078
5080
5081
5098
5099
5100
5101
5121
5122
5126
5136
5137
5138
5142
5149
5153
5173
5217
5224
5225
5260
5270
5274
5275
5276
5309
5334
5354
5365
5368
5375
5453
5454
5455
5456
5458
5475
5502
5521
5522
5530
5535
5542
5567
5568
5569
5575
5578
5579
5581
5582
5590
5596
5602
5621
5623
5625
5648
5649
5650
5653
5662
5678
5680
5744
5746
5764
5789
5798
5799
5800
5801
5803
5816
5837
5860
5864
5865
5874
5909
5911
5923
5924
5961
5992
5995
5999
6000
6010
6011
6014
6017
6036
6092
6094
6096
6098
6121
6247
6252
6261
6262
6263
6271
6285
6295
6297
6299
6319
6323
6324
6326
6327
6328
6334
6346
6376
6406
6407
6440
6447
6456
6457
6473
6476
6493
6505
6506
6507
6508
6509
6511
6529
6534
6538
6539
6540
6543
6547
6557
6561
6563
6565
6569
6579
6585
6588
6616
6620
6622
6623
6638
6656
6657
6658
6662
6663
6664
6665
6695
6696
6698
6701
6703
6704
6706
6710
6712
6733
6736
6750
6751
6752
6754
6756
6770
6785
6792
6804
6812
6833
6844
6853
6855
6857
6860
6861
6863
6866
6870
6887
6900
6913
6975
7007
7018
7036
7067
7070
7074
7079
7080
7087
7093
7101
7102
7138
7141
7143
7200
7201
7216
7222
7224
7252
7274
7275
7280
7301
7345
7349
7365
7368
7369
7379
7401
7425
7432
7439
7447
7461
7471
7473
7476
7477
7478
7480
7484
7532
7533
7545
7546
7547
7552
7652
7681
7712
7732
7781
7804
7809
7827
7846
7857
7932
7976
8001
8022
8110
8120
8128
8140
8153
8170
8193
8200
8224
8237
8302
8303
8382
8387
8390
8404
8424
8437
8448
8471
8484
8497
8499
8506
8507
8513
8514
8522
8534
8537
8541
8549
8577
8590
8601
8618
8622
8632
8671
8682
8707
8708
8715
8739
8745
8786
8851
8862
8867
8900
8911
8913
8927
8936
8941
8973
8988
8995
8999
9001
9023
9024
9028
9033
9066
9071
9099
9108
9118
9119
9127
9143
9145
9152
9162
9177
9201
9210
9211
9228
9229
9240
9241
9244
9247
9248
9271
9283
9293
9312
9331
9340
9348
9355
9356
9362
9363
9369
9376
9378
9379
9415
9456
9468
9472
9478
9479
9480
9486
9495
9498
9514
9515
9543
9568
9576
9581
9607
9615
9625
9626
9627
9628
9638
9659
9671
9672
9699
9705
9715
9717
9722
9723
9732
9737
9745
9746
9751
9752
9758
9764
9770
9783
9796
9805
9806
9808
9829
9832
9844
9848
9856
9863
9891
9892
9899
9900
9901
9911
9915
9920
9947
9951
9956
10021
10022
10046
10079
10083
10085
10098
10110
10125
10152
10188
10214
10215
10231
10242
10297
10313
10361
10368
10369
10391
10394
10396
10409
10439
10446
10479
10485
10486
10501
10505
10529
10570
10633
10655
10656
10661
10669
10675
10683
10687
10690
10716
10718
10738
10744
10752
10776
10804
10810
10814
10815
10858
10864
10881
10882
10888
10893
10900
10936
10962
10966
10993
11007
11023
11033
11061
11069
11075
11076
11077
11086
11095
11113
11122
11127
11141
11166
11170
11178
11182
11189
11197
11240
11247
11248
11249
11250
11255
11275
11281
11332
11341
22802
22808
22829
22843
22844
22848
22854
22865
22866
22871
22876
22883
22891
22895
22911
22920
22924
22927
22979
22983
22986
22987
22989
22999
23007
23017
23025
23026
23031
23037
23040
23043
23046
23057
23072
23089
23095
23101
23105
23109
23114
23120
23122
23148
23149
23154
23201
23205
23208
23209
23217
23229
23236
23237
23239
23245
23281
23285
23302
23305
23314
23316
23321
23359
23362
23373
23415
23416
23418
23439
23462
23467
23500
23504
23507
23518
23519
23531
23541
23542
23544
23546
23547
23576
23620
23632
23657
23671
23746
23762
23769
24147
24150
25769
25775
25789
25791
25806
25817
25818
25827
25830
25834
25837
25876
25907
25924
25927
25999
26018
26032
26033
26034
26038
26045
26047
26049
26050
26051
26052
26059
26103
26232
26245
26246
26248
26251
26254
26256
26257
26287
26289
26290
26330
26468
26470
26507
26526
26538
26539
26580
26585
26609
26659
26735
26737
26960
26998
26999
27006
27012
27087
27091
27092
27112
27122
27132
27133
27136
27164
27181
27201
27233
27239
27253
27254
27255
27283
27285
27289
27296
27319
27328
27344
27345
27439
27443
27445
28316
28512
28996
29106
29114
29118
29119
29767
29798
29799
29887
29906
29930
29942
29944
29947
29968
29989
29993
30010
30812
30813
30818
30819
30820
30845
50512
50614
50632
50649
50651
50674
50801
50804
50831
50834
50859
50861
50944
51046
51059
51062
51083
51090
51148
51195
51209
51224
51252
51268
51286
51289
51298
51299
51305
51308
51310
51412
51435
51440
51458
51480
51481
51555
51559
51560
51704
51725
51760
51761
51764
51807
53342
53353
53358
53616
53637
53822
53826
53919
53942
54039
54112
54207
54209
54212
54328
54329
54331
54332
54363
54413
54437
54438
54443
54511
54514
54550
54551
54557
54600
54674
54704
54752
54763
54766
54768
54769
54831
54857
54860
54898
54933
54958
54972
55061
55068
55079
55084
55117
55118
55176
55190
55220
55228
55248
55294
55314
55323
55359
55450
55502
55511
55521
55530
55531
55532
55584
55586
55605
55607
55619
55704
55753
55799
55800
55805
55806
55816
55859
55861
55885
55966
56062
56097
56098
56100
56103
56104
56107
56108
56110
56111
56112
56114
56121
56126
56130
56133
56134
56135
56136
56138
56140
56143
56145
56147
56154
56171
56245
56287
56301
56302
56341
56344
56475
56479
56521
56650
56660
56666
56675
56704
56776
56849
56884
56895
56896
56899
56918
56924
56934
56952
56955
56961
56963
56967
56977
56978
57026
57030
57084
57093
57106
57110
57113
57118
57156
57159
57165
57168
57172
57180
57181
57282
57338
57348
57369
57408
57415
57446
57447
57453
57460
57465
57467
57468
57469
57471
57475
57476
57497
57502
57512
57524
57526
57528
57529
57537
57554
57555
57575
57582
57586
57595
57596
57604
57611
57622
57626
57628
57633
57642
57670
57687
57689
57692
57699
57709
57718
57731
57817
57822
57863
58157
58158
58473
58510
58512
58524
59283
59284
59285
59335
59344
59350
59351
60484
60506
60529
63827
63908
63934
63950
63973
63974
63982
64067
64077
64084
64090
64093
64100
64101
64106
64112
64137
64168
64208
64211
64219
64241
64377
64399
64405
64409
64478
64506
64579
64714
64753
64805
64806
64838
64854
64902
65009
65055
65078
65121
65122
65217
65267
65989
65997
66000
66004
78986
78997
79006
79007
79012
79041
79054
79057
79097
79152
79187
79192
79339
79369
79412
79570
79605
79628
79632
79698
79739
79740
79750
79751
79776
79781
79856
79870
79905
79929
79955
79957
79966
80023
80034
80036
80059
80070
80125
80128
80150
80303
80309
80319
80333
80757
80758
80759
80816
80823
80863
80975
81282
81551
81553
81557
81569
81615
81618
81628
81706
81832
81849
83259
83394
83445
83543
83546
83550
83648
83659
83660
83692
83694
83697
83698
83723
83733
83851
83856
83873
83876
83889
83894
83988
83992
84063
84107
84109
84152
84239
84249
84251
84254
84258
84302
84332
84432
84439
84440
84443
84446
84448
84465
84466
84467
84502
84504
84528
84539
84553
84618
84620
84623
84628
84630
84631
84634
84666
84677
84684
84688
84690
84691
84707
84722
84735
84779
84867
84871
84889
84891
84894
84900
84929
84944
84966
84968
84970
84978
85300
85315
85352
85366
85397
85416
85439
85442
85443
85445
85446
85449
85455
85508
86614
89792
89795
89801
89885
89890
89927
90011
90050
90113
90134
90161
90249
90853
91156
91409
91584
91683
91752
92126
92154
92235
92369
92691
92737
93107
93145
93190
93377
93426
93650
94015
94030
94032
94097
94160
94233
112476
112609
112755
112885
112937
114088
114134
114299
114336
114571
114783
114784
114786
114787
114788
114792
114793
114795
114798
114800
114804
114805
114815
114824
114880
114900
114928
114960
115019
115584
115827
115948
116085
116093
116135
116154
116173
116328
116369
116372
116442
116443
116448
116931
116966
116986
116988
117154
117532
118427
118442
118611
118663
118812
120114
120787
121256
121278
121340
121601
122042
122046
122060
122402
123041
123606
123624
124222
124274
124842
124925
124930
125113
126129
126402
126755
127003
127069
127074
127343
127665
127703
127795
127833
128414
128434
128674
128864
129049
129684
129807
129852
129868
130026
130132
130399
130574
130612
130752
130813
131034
131096
131149
131375
131405
131408
131669
132112
132200
132204
132332
133022
133121
133491
133690
134111
134121
134288
134391
134526
134829
135152
135924
135927
136371
137868
137970
138046
138255
138715
138724
138803
139065
139081
139221
139411
139599
139728
140258
140597
140679
140689
140730
140767
140870
140885
143162
143282
143425
143941
144423
144448
144453
144568
145407
145447
145581
145773
146167
146177
146223
146330
146378
146395
146664
146723
146760
147323
147381
147658
147741
147746
147906
148003
148014
148066
148109
148252
148281
148641
148738
148870
148930
149111
149175
149297
149345
149563
149685
150165
150209
150280
150297
150356
150379
150572
150677
150726
151112
151531
151647
151651
151790
151835
152015
152065
152404
152789
153201
154150
154197
154215
154661
154790
155066
155185
157724
157753
157855
158038
158131
158399
158471
158511
158724
158798
158931
160065
160419
161357
161725
161829
161931
162282
162494
162998
163223
163479
163933
164153
164395
164633
164714
164832
165215
165257
165679
166336
166614
166752
167410
168090
168391
168667
169166
170261
170302
170685
170690
170692
170825
170850
170961
171484
192683
195814
196374
196472
197021
199699
199720
199731
200008
200150
200407
200504
201140
201191
201243
201780
202134
202151
202374
202500
202559
203190
205860
219409
219438
219527
219539
219578
219670
219681
219736
219738
219770
219902
219938
219995
220107
220108
220164
220202
220296
220382
220416
220963
221002
221074
221336
221391
221409
221458
221687
221692
221833
221938
222008
222537
222553
222662
222865
222894
245915
246213
246744
252995
253152
253314
253559
253982
254122
254263
254272
254773
254778
255022
255119
255275
255426
255928
256130
256297
256472
256536
256714
256933
257194
257240
257407
259217
259232
259236
259249
259289
260434
266629
266722
266743
266812
282966
282973
282974
283080
283209
283212
283248
283297
283455
283461
283463
283514
283554
283576
283579
283652
283694
283985
284067
284069
284111
284161
284217
284293
284312
284339
284348
284418
284424
284427
284433
284434
284486
284521
284546
284716
285126
285220
285231
285368
285382
285525
285533
285601
285613
285800
285888
286183
286204
286365
286380
286499
286827
317701
319100
337879
338322
338567
338645
338662
338707
338761
338811
338917
339263
339416
339453
339983
340069
340120
340205
340419
340529
340533
340542
340543
340554
340578
340595
340596
340602
340665
340745
341359
341880
341883
342035
342125
342667
342850
342865
342977
343171
343172
343263
343637
344191
344758
344807
344838
344901
344905
345222
345557
346171
346562
346673
347252
347273
347442
347730
347731
347733
348487
348932
348938
348980
349667
353133
353135
353144
353149
353174
353355
360203
374454
374786
374875
374887
374918
375318
375323
375567
375612
375704
375759
376267
378807
386617
386618
387129
387597
387601
387775
387804
387923
388015
388021
388135
388228
388323
388364
388394
388419
388585
388662
388910
388951
389073
389075
389084
389158
389197
389206
389208
389257
389421
389549
389649
389812
389827
389852
390010
390036
390037
390181
390191
390264
390429
390437
390616
390790
390999
391002
391013
391195
391723
392309
392399
399473
399694
399697
399814
399947
399967
400073
400629
400745
400757
400961
401036
401067
401115
401138
401190
401250
401335
401498
401551
401562
401647
401827
401994
402117
402381
402573
402665
404037
404217
407738
408029
414149
414152
414157
414899
431704
440050
440073
440097
440279
440533
440699
440730
440822
440955
441151
441308
441381
441459
441509
441871
442117
442247
442425
442444
444882
445577
445815
448834
449520
493829
494188
494470
503542
548596
554235
594855
613211
613212
641372
642938
643394
643832
643834
643965
644139
644168
645073
645191
645974
646424
646480
646799
651746
653247
653641
654429
654502
654790
692094
727800
727940
728215
728882
729355
729475
100113407
100127206
100131390
100507679
63947
442862
730098
10381
653219
