1000
100113407
100127206
100131390
1002
10021
10022
1004
10046
1005
1006
1007
10079
1008
10083
10085
10098
1010
10110
1012
10125
10152
1016
10188
10215
10231
10242
10297
10313
1032
10361
10368
10369
1038
10381
10391
10394
10396
10409
10439
10446
10479
10485
10486
105
10501
10505
10529
10570
10633
10655
10656
10661
10669
10675
10683
10687
10690
107
10716
10718
10738
10744
10752
10776
108
10804
10810
10814
10815
10858
10864
10881
10882
10888
10893
10900
10936
10962
10966
10993
11007
11023
11033
11061
11069
11075
11076
11077
11086
11095
11113
11122
11127
1113
1114
11141
1116
11166
1117
11170
11178
11182
11189
11197
1123
11240
11247
112476
11248
11249
11250
11255
112609
11275
112755
1128
11281
112885
112937
1131
1132
1133
11332
11341
1135
1137
114
114088
1141
114134
1142
114299
114336
114571
114783
114784
114786
114787
114788
114792
114793
114795
114798
114800
114804
114805
114815
114824
114880
1149
114900
114928
114960
115019
1152
115584
115827
1159
115948
116
116085
116093
116135
116154
116173
116328
116369
116372
116442
116443
116448
116931
116966
116986
116988
117
117154
117532
1183
118427
118442
118611
118663
118812
119
1191
12
120114
120787
121256
121278
121340
121601
122042
122046
122060
122402
123041
123606
123624
124222
124274
124842
124925
124930
125113
1258
1261
126129
126402
1267
126755
1268
127003
127074
1271
1272
127343
127665
127703
127795
127833
128414
128434
128864
129049
129684
129807
129852
129868
1299
130026
1301
130132
1302
130399
130574
130612
130752
130813
131034
131096
131375
131405
131408
132112
132200
132204
132332
1325
133022
133121
133690
134
134111
134121
134288
134526
134829
135152
135924
135927
1363
136371
137868
137970
138046
1381
138255
138715
138724
139065
139081
1392
139221
1393
1394
139411
139599
139728
1400
140258
1404
140597
140679
140689
140730
140767
140885
1410
1418
1421
1428
143162
143282
143425
143941
144423
144448
144453
144568
1446
145407
145447
145581
145773
146
146167
146177
146223
1463
146330
146378
146395
146664
146723
146760
147
147381
147658
147906
148014
148066
148109
148252
148281
148641
148870
148930
149111
149175
149297
149345
149563
1496
149685
1501
150165
150209
150280
150297
150356
150379
150572
150677
150726
151531
151647
151651
151790
151835
152015
152065
1524
152404
152789
153
154150
154197
154215
154661
154790
155066
155185
157753
1579
158038
158399
158471
158511
1586
158798
158931
1592
1600
160065
1607
1608
1610
161357
161725
161829
161931
162282
162494
1630
163223
1638
163933
1641
164153
164395
164633
164714
164832
165215
165257
165679
166336
166614
166752
167410
168090
168391
168667
169166
170261
170302
170685
170690
170692
170850
170961
171484
1734
1740
1742
1745
1746
1750
1759
1761
1770
1780
1795
18
1804
1808
1812
1814
1816
1821
1826
183
1837
1850
1852
187
190
1917
192683
1943
1944
1949
1951
1952
195814
1960
1961
196374
197
197021
1993
1995
1996
199699
199720
199731
20
200150
200407
201140
201191
201243
2016
201780
2018
2020
202134
202151
202374
202500
202559
2026
203190
2043
2044
2046
2047
2051
205860
2066
21
2115
2119
2123
2134
2138
2168
2170
2172
2173
219409
219527
219539
219578
219670
219681
219736
219738
219770
219902
219938
219995
220107
220108
220164
220202
220296
220382
220416
2209
220963
221002
221074
221336
221409
221458
221687
221692
221833
221938
222008
222537
222553
222662
222865
222894
2246
225
2250
2253
2254
2257
2258
2259
2262
22802
22808
22829
22843
22844
22848
22854
22865
22866
22871
22876
22883
22891
22895
22911
22920
22924
22927
22979
22983
22986
22987
22989
22999
230
23007
23017
23025
23026
23031
23037
2304
23040
23043
23046
23057
23072
23089
23095
23101
23105
23109
23114
23120
23122
23148
23149
23154
23201
23205
23208
23209
23217
23229
23236
23237
23239
23245
23281
23285
23302
23305
23314
23316
23321
2334
23359
23362
23373
23415
23416
23418
23439
2346
23462
23467
23500
23504
23507
23518
23519
23531
23541
23542
23544
23546
23547
23576
23620
23632
23657
23671
23762
23769
238
24147
24150
242
246213
246744
248
250
2520
252995
253152
253314
253559
2538
253982
254122
254263
254272
254778
2550
255022
255119
255275
2554
255426
2555
2556
2557
2558
2559
255928
2560
2561
256130
2562
256297
2563
256472
2565
256536
2566
2567
256714
256933
257
2571
257194
2572
257240
257407
25769
25775
25789
25791
258
25806
25817
25818
25827
2583
25830
25834
25837
2587
25876
25907
259217
259232
259236
25924
25927
259289
2596
25999
26018
26032
26033
26034
26038
260434
26045
26047
26049
26050
26051
26052
26059
26103
26232
26245
26246
26251
26256
26257
26287
26289
26290
26330
2636
2637
26468
26470
26507
26526
26538
26539
2657
26580
26585
2660
26609
2664
266629
266722
266743
266812
2670
268
2691
2692
26960
26998
26999
27006
27012
2705
27087
2709
27091
27092
27112
27122
27132
27133
27136
27164
27201
27233
27239
27253
27254
27255
27283
27285
27289
27296
273
2731
27319
27328
27344
27345
2741
2742
2743
27439
27443
27445
2774
2775
2779
2781
2785
2786
2819
2823
2824
2827
282966
282973
282974
2830
2831
28316
283209
283212
283248
283297
2834
283455
2835
283514
283554
283576
283579
283652
283985
2840
284067
284069
284111
284161
2842
284217
284293
284312
284339
284348
2844
284424
284427
284433
284434
284486
2845
284521
2846
2847
284716
2849
2850
28512
285126
285220
285231
285368
285382
285525
285533
285601
285613
285800
285888
2861
286183
286204
286380
2864
286499
286827
287
2890
2891
2892
2893
2894
2895
2897
2898
2899
28996
2900
2901
2902
2903
2905
2906
29106
2911
29114
29118
29119
2912
2913
2914
2915
2916
2917
2918
2922
29767
2977
2978
29798
29799
2983
2986
29887
29906
29942
29944
29968
29989
29993
30010
3042
3049
3061
3062
30812
30813
30818
30819
30820
3083
30845
3166
3175
317701
3195
3196
320
3208
321
322
3231
324
3250
326
3266
3306
333
3350
3351
3352
3354
3356
3358
3360
3361
3362
337879
3381
338322
338645
338707
338761
338811
338917
339263
339416
339453
339983
340120
340205
340419
340529
340533
340542
340543
340554
340578
340595
340596
340602
340665
340745
341359
341880
341883
342035
3423
342667
342850
342865
342977
343171
343263
343637
3439
344758
344838
344901
344905
345222
345557
347
347252
347273
347442
347730
347731
347733
348
348487
348932
348938
348980
349667
353133
353135
353144
353149
353174
353355
3547
3552
361
3617
3626
363
3642
3696
3698
3706
3736
3737
3739
3742
374454
3745
3746
3747
374786
3748
374875
374887
3751
3752
375323
3754
375567
3756
375612
375704
375759
3760
3761
376267
3763
3765
3766
3767
3773
3775
3776
3780
3781
3782
3785
3786
3787
3788
378807
3797
3798
3800
3822
3823
3827
3850
386617
386618
387597
387601
387775
387804
387923
388015
388021
3881
388135
388228
388323
388394
3884
388419
388585
388662
3889
389073
389075
389084
389158
389197
389206
389421
389549
389649
3897
389812
389827
389852
390010
390429
390616
391013
391195
392309
3925
3933
398
3992
399473
399694
399697
399947
399967
400073
4004
400745
400961
401036
401067
401115
401190
401250
401335
401498
401551
401562
401647
4018
401827
401994
402117
4023
402381
4025
402573
402665
4036
4038
404037
404217
4045
4062
407738
408029
4099
4100
4105
4111
4118
4130
4131
4133
4135
4137
4139
414149
414152
414157
4142
4145
4148
414899
4155
4159
416
4160
4166
4168
4184
4185
419
4208
4248
4284
429
4293
4294
4325
4326
4336
4340
4342
4345
4355
440050
440073
440097
440279
440699
440730
440955
441151
441308
441381
441459
442117
442425
442444
442862
4435
4440
444882
445577
445815
448834
449520
4504
4544
4588
4591
460
4604
4608
4613
4620
4625
4644
4654
4656
4661
4674
4675
4684
4685
4693
4741
4744
4745
4753
4759
4760
4761
477
478
4807
4808
482
4821
4826
4828
4829
4842
4852
4857
4858
4861
4878
4880
4884
4885
4887
4889
4897
4900
4905
491
4915
4916
4917
492
4923
493829
494470
4948
4951
496
4973
4974
4978
4983
4985
4986
4987
4988
4992
4995
5010
5013
5020
5021
5024
5027
503542
5046
50512
5053
5058
50614
50632
5064
50649
50651
5067
50674
5075
5076
5078
5080
50801
50804
5081
50831
50834
50859
50861
50944
5098
5099
5100
5101
51046
51059
51062
51083
51090
51148
51195
51209
5121
5122
51252
5126
51268
51286
51289
51298
51299
51305
51308
51310
5136
5137
5138
51412
5142
51435
51440
51458
51480
51481
5149
5153
51555
51559
51560
51704
51725
5173
51760
51761
51764
51807
5217
5224
5225
5260
5270
5274
5276
5309
5334
53342
53353
53358
534
535
5354
53616
53637
5365
5368
5375
53822
53826
53919
53942
54039
54112
54207
54209
54212
54328
54329
54331
54332
54413
54437
54438
54443
54511
54514
5453
5454
5455
54550
54551
54557
5456
54600
54674
547
54704
5475
54763
54768
54769
54831
54857
548596
54898
54933
54958
54972
5502
55061
55068
55079
55084
55117
55118
55176
55190
5521
5522
55220
55228
55248
55294
5530
55314
55323
5535
55359
5542
554235
55450
55502
55521
55530
55531
55532
55584
55586
55605
55607
55619
5567
5568
5569
55704
5575
55753
5578
5579
55799
55800
55805
55806
5581
55816
5582
55859
55861
55885
5590
5596
55966
56
5602
56062
56097
56098
56103
56104
56107
56108
56110
56111
56112
56114
56121
56126
56130
56133
56134
56135
56136
56138
56140
56143
56145
56147
56154
56171
5621
5623
56245
5625
56287
56301
56302
56341
56344
56475
56479
5648
5649
5650
56521
5653
5662
56650
56660
56666
56675
56704
56776
5680
56849
56884
56895
56896
56899
56918
56924
56934
56952
56955
56961
56963
56967
56977
56978
570
57026
57030
57084
57093
57106
57110
57113
57118
57156
57159
57165
57168
57172
57180
57181
57282
57338
57348
57369
57415
5744
57446
57447
57453
5746
57460
57465
57467
57468
57469
57471
57475
57476
57497
57502
57512
57524
57526
57528
57529
57537
57554
57555
57575
57582
57586
57595
57596
57604
57611
57622
57626
57628
57633
5764
57642
57670
57687
57689
57692
57699
57709
57718
57731
57817
57822
57863
5789
5798
5799
5800
5801
5803
58157
5816
5837
58473
58510
58512
58524
5860
5864
5865
5874
590
5909
5911
5923
5924
59283
59284
59285
59335
59344
59350
59351
594855
5961
5992
5995
5999
6000
6010
6014
6017
60484
60506
6092
6094
6096
6098
610
6121
613212
6247
6252
6261
6262
6263
627
6271
6285
6295
6297
6299
6319
6323
6324
6326
6327
6328
6334
6346
635
6376
63827
63908
63934
63947
63950
63973
63974
63982
6406
64067
6407
64077
64084
64093
64101
64106
64112
64137
64168
64208
64219
64241
642938
643394
64377
643834
643965
64399
6440
64405
64409
644139
644168
6447
64478
64506
645191
6456
6457
64579
645974
646424
646799
64714
6473
64753
6476
64805
64838
64854
6493
65009
6505
65055
6506
6507
65078
6508
6509
6511
651746
65217
65267
6529
653219
653247
6534
653641
6538
6539
6540
6543
654429
654502
6547
654790
655
6557
6563
6565
6569
6579
658
6585
6588
65989
65997
66000
66004
6616
6620
6622
6623
6638
6656
6657
6658
6662
6663
6664
6665
668
6695
6696
6698
6704
6706
6710
6712
6733
6736
6750
6751
6752
6754
6770
6785
6792
680
6804
6812
6833
6844
6853
6855
6857
6860
6861
6863
6866
6870
6887
6900
6913
692094
7007
7018
7036
7067
7070
7074
7079
7080
7087
7093
7101
7102
7138
7141
7143
7200
7201
7216
7222
7224
7252
7274
7275
727800
7280
728215
728882
729475
730098
7301
7345
7349
7365
7368
7369
7379
7425
7432
7439
7447
7461
747
7473
7476
7477
7478
7480
7532
7533
7545
7546
7547
7552
758
763
7652
766
7681
770
7712
773
7732
774
777
7781
779
7804
7809
781
782
7827
783
7846
785
7857
786
78986
78997
79006
79007
79012
79041
79054
79057
79097
79152
79187
79192
793
7932
79369
794
79412
79570
79605
79628
79632
79698
79739
79740
79750
79751
7976
79776
79781
79856
79870
79905
79929
79955
79957
79966
8001
80023
80034
80036
80059
80128
80150
8022
80303
80309
80319
80333
80757
80758
80759
808
80816
80823
80863
80975
8110
8120
8128
814
8140
815
8153
81551
81553
81557
81569
816
81615
81618
81628
8170
81706
81832
81849
8193
8200
8224
8237
825
8302
8303
83259
83394
83445
83543
83546
83550
83648
83659
83660
83692
83694
83697
83698
83723
83733
8382
83851
83856
8387
83873
83876
83894
83988
83992
8404
84063
84107
84109
84152
84239
8424
84249
84251
84254
84258
84302
84332
8437
844
84439
84440
84443
84446
84448
84465
84466
84467
8448
84502
84504
84539
84553
84618
84620
84623
84628
84630
84631
84634
84666
84684
84688
84690
84691
84707
8471
84722
84735
84779
8484
84867
84871
84891
84894
84900
84929
84944
84966
84968
8497
84970
84978
8499
8506
8507
8514
8522
85300
85315
8534
85352
85366
8537
85397
8541
85416
85439
85442
85443
85445
85446
85449
85455
8549
85508
8577
8601
8618
8622
8632
8671
8682
869
8707
8708
8715
8739
8745
875
8786
88
885
8851
886
8862
8867
887
8900
8911
8913
8927
8936
8941
8973
89792
89795
89801
8988
89885
89890
89927
8999
9001
90050
90113
90134
90161
9023
9024
90249
9028
9033
9066
9071
90853
9099
9108
91156
9118
9127
91409
9143
9145
9152
91584
9162
91683
91752
9177
9201
9211
92126
92154
92235
9228
9229
92369
9240
9241
9244
9247
92691
92737
9283
9293
93107
9312
93145
93190
9331
93377
9340
93426
9348
9355
9356
9362
9363
93650
9369
9376
9378
9379
94015
94030
94032
94097
9415
94160
94233
9456
9468
9472
9478
9479
9480
9486
9495
9498
9514
9515
952
954
9543
9568
9576
9581
9607
9615
9625
9626
9627
9628
9638
9659
9671
9672
9699
9705
9715
9717
9722
9723
9732
9737
9745
9746
9751
9752
9758
9764
9770
9783
9796
9805
9806
9808
9829
9832
9844
9848
9856
9863
9891
9892
9899
9900
9901
9911
9915
9920
9947
9951
9956
